022000
021900
021800
021700
021600
021500
021400
021300
021200
021100
021000
020900
020800
020700
020600
020500
020400
020300
020200
020100
020000
019900
019800
019700
019600
019500
019400
019300
019200
019100
019000
018900
018800
018700
018600
018500
018400
018300
018200
018100
018000
017900
017800
017700
017600
017500
017400
017300
017200
017100
017000
016900
016800
016700
016600
016500
016400
016300
016200
016100
016000
015900
015800
015700
015600
015500
015400
015300
015200
015100
015000
014900
014800
014700
014600
014500
014400
014300
014200
014100
014000
013900
013800
013700
013600
013500
013400
013300
013200
013100
013000
012900
012800
012700
012600
012500
012400
012300
012200
012100
012000
011900
011800
011700
011600
011500
011400
011300
011200
011100
011000
010900
010800
010700
010600
010500
010400
010300
010200
010100
010000
009900
009800
009700
009600
009500
009400
009300
009200
009100
009000
008900
008800
008700
008600
008500
008400
008300
008200
008100
008000
007900
007800
007700
007600
007500
007400
007300
007200
007100
007000
006900
006800
006700
006600
006500
006400
006300
006200
006100
006000
005900
005800
005700
005600
005500
005400
005300
005200
005100
005000
004900
004800
004700
004600
004500
004400
004300
004200
004100
004000
003900
003800
003700
003600
003500
003400
003300
003200
003100
003000
002900
002800
002700
002600
002500
002400
002300
002200
002100
002000
001900
001800
001700
001600
001500
001400
001300
001200
001100
001000
000900
000800
000700
000600
000500
000400
000300
000200
000100
000000
