  1   120
  2   118
  3   116
  4   114
  5   112 
  6   110 
  7   108 
  8   106
  9   104
 10   102
 11   100
 12    98
 13    96
 14    94
 15    92
 16    90
 17    88
 18    86
 19    84
 20    82
 21    80
 22    78
 23    76
 24    74
 25    72
 26    70
 27    68
 28    66
 29    64
 30    62
 31    60
 32    58
 33    56
 34    54
 35    52
 36    50
 37    48
 38    46
 39    44
 40    42
 41    40
 42    38
 43    36
 44    34
 45    32
 46    31
 47    30
 48    29
 49    28
 50    27
 51    26
 52    25
 53    24
 54    23
 55    22
 56    21
 57    20
 58    19
 59    18
 60    17
 61    16.5
 62    16
 63    15.5
 64    15
 65    14.5
 66    14
 67    13.5
 68    13  
 69    12.5
 70    12
 71    11.5
 72    11
 73    10.5
 74    10
 75     9.5
 76     9 
 77     8.5
 78     8 
 79     7.5 
 80     7 
 81     6.5
 82     6 
 83     5.5
 84     5 
 85     4.5
 86     4
 87     3.5
 88     3
 89     2.5
 90     2  
 91     1.5
 92     1
 93     0.5
 95     0
