2.076000000000000000e+04 3.537011879525251200e+16 8.959778711394075401e+01
2.000000000000000000e+04 3.571285338795632800e+16 9.046598496341424323e+01
1.970000000000000000e+04 3.605558798405520800e+16 9.133418282148791434e+01
1.940000000000000000e+04 3.605558798405520800e+16 9.133418282148791434e+01
1.914000000000000000e+04 3.605558798405520800e+16 9.133418282148791434e+01
1.888000000000000000e+04 3.541181508982265600e+16 8.970341004797617757e+01
1.824000000000000000e+04 3.474728282835393200e+16 8.802005070055402314e+01
1.760000000000000000e+04 3.409218890110704400e+16 8.636060006164409231e+01
1.695000000000000000e+04 3.341001081444151200e+16 8.463254120674825742e+01
1.630000000000000000e+04 3.241941044651539600e+16 8.212320270567575164e+01
1.600000000000000000e+04 3.142881006537352800e+16 7.961386417112576908e+01
1.570000000000000000e+04 3.142881006537352800e+16 7.961386417112576908e+01
1.540000000000000000e+04 3.142881006537352800e+16 7.961386417112576908e+01
1.510000000000000000e+04 3.040404400508444400e+16 7.701797887475811422e+01
1.497000000000000000e+04 2.937927794102001200e+16 7.442209356882693783e+01
1.481000000000000000e+04 2.937927794102001200e+16 7.442209356882693783e+01
1.438000000000000000e+04 2.937927794102001200e+16 7.442209356882693783e+01
1.394000000000000000e+04 2.668660309852231200e+16 6.760114652305237826e+01
1.366000000000000000e+04 2.399392824501226800e+16 6.078019944938191088e+01
1.337000000000000000e+04 2.399392824501226800e+16 6.078019944938191088e+01
1.309000000000000000e+04 2.399392824501226800e+16 6.078019944938191088e+01
1.280000000000000000e+04 2.011630376675011200e+16 5.095759821577307491e+01
1.240000000000000000e+04 1.623867927365941200e+16 4.113499694460133327e+01
1.200000000000000000e+04 1.458457819580314200e+16 3.694491217003172068e+01
1.177000000000000000e+04 1.293047712512183200e+16 3.275482741363735073e+01
1.154000000000000000e+04 1.272887626467727800e+16 3.224414236107476484e+01
1.091000000000000000e+04 1.252727540305105000e+16 3.173345730551882227e+01
1.027000000000000000e+04 1.154998313894734400e+16 2.925783021661523620e+01
9.960000000000000000e+03 1.057269089532577000e+16 2.678220317959594254e+01
9.650000000000000000e+03 8.459794375404090000e+15 2.142992111117555609e+01
9.350000000000000000e+03 6.346897847090969000e+15 1.607763902149839552e+01
9.050000000000000000e+03 4.094261559964860000e+15 1.037137527759054301e+01
8.750000000000000000e+03 1.841625272273768250e+15 4.665111532251507320e+00
8.450000000000000000e+03 1.841625272273768250e+15 4.665111532251507320e+00
8.170000000000000000e+03 1.841625272273768250e+15 4.665111532251507320e+00
7.900000000000000000e+03 1.841625272273768250e+15 4.665111532251507320e+00
7.350000000000000000e+03 1.841625272273768250e+15 4.665111532251507320e+00
6.800000000000000000e+03 1.841625272273768250e+15 4.665111532251507320e+00
6.400000000000000000e+03 1.841625272273768250e+15 4.665111532251507320e+00
6.000000000000000000e+03 1.841625272273768250e+15 4.665111532251507320e+00
4.830000000000000000e+03 1.841625272273768250e+15 4.665111532251507320e+00
3.660000000000000000e+03 1.841625272273768250e+15 4.665111532251507320e+00
2.980000000000000000e+03 1.841625272273768250e+15 4.665111532251507320e+00
2.300000000000000000e+03 1.841625272273768250e+15 4.665111532251507320e+00
2.150000000000000000e+03 1.841625272273768250e+15 4.665111532251507320e+00
2.000000000000000000e+03 1.841625272273768250e+15 4.665111532251507320e+00
1.500000000000000000e+03 1.841625272273768250e+15 4.665111532251507320e+00
1.000000000000000000e+03 1.841625272273768250e+15 4.665111532251507320e+00
5.000000000000000000e+02 1.841625272273768250e+15 4.665111532251507320e+00
0.000000000000000000e+00 1.841625272273768250e+15 4.665111532251507320e+00
