2.080000000000000000e+04 3.644138936819388800e+16 9.231147527799392094e+01
2.070000000000000000e+04 3.640135174035608800e+16 9.221005399421694904e+01
2.060000000000000000e+04 3.638133243652925600e+16 9.215934211131859399e+01
2.050000000000000000e+04 3.638200340393257600e+16 9.216104177184026014e+01
2.040000000000000000e+04 3.636717682712599200e+16 9.212348384108987887e+01
2.030000000000000000e+04 3.636298710764709600e+16 9.211287065666405738e+01
2.020000000000000000e+04 3.631949141185465600e+16 9.200268957091358857e+01
2.010000000000000000e+04 3.630346769956236000e+16 9.196209911739968845e+01
2.000000000000000000e+04 3.626608649734115200e+16 9.186740695597192996e+01
1.990000000000000000e+04 3.623274716126603200e+16 9.178295344442251746e+01
1.980000000000000000e+04 3.618273138964400800e+16 9.165625603398773080e+01
1.970000000000000000e+04 3.616541944276504800e+16 9.161240229009820268e+01
1.960000000000000000e+04 3.613610003376247200e+16 9.153813185348118964e+01
1.950000000000000000e+04 3.610855107406758400e+16 9.146834622906071388e+01
1.940000000000000000e+04 3.607339123406596000e+16 9.137928110949857796e+01
1.930000000000000000e+04 3.606206263852007200e+16 9.135058408707985222e+01
1.920000000000000000e+04 3.601190617744802400e+16 9.122353028928132801e+01
1.910000000000000000e+04 3.597843847091714800e+16 9.113875159621829880e+01
1.900000000000000000e+04 3.595325122792130800e+16 9.107494855249679233e+01
1.890000000000000000e+04 3.589742817126824800e+16 9.093354042279830196e+01
1.880000000000000000e+04 3.580531488311466000e+16 9.070020372324901814e+01
1.870000000000000000e+04 3.574822841523974800e+16 9.055559518446091261e+01
1.860000000000000000e+04 3.567734823030876400e+16 9.037604510274347547e+01
1.850000000000000000e+04 3.561026086511128400e+16 9.020610279919074515e+01
1.840000000000000000e+04 3.554250537342209200e+16 9.003446803156923295e+01
1.830000000000000000e+04 3.546448538942809200e+16 8.983683177377227480e+01
1.820000000000000000e+04 3.542612309516220000e+16 8.973965435984457883e+01
1.810000000000000000e+04 3.536939065817986400e+16 8.959594263411861448e+01
1.800000000000000000e+04 3.534086168852266400e+16 8.952367449827426071e+01
1.790000000000000000e+04 3.527794083129234000e+16 8.936428658092562216e+01
1.780000000000000000e+04 3.525571778919434400e+16 8.930799230025198199e+01
1.770000000000000000e+04 3.520840151096109200e+16 8.918813310925780513e+01
1.760000000000000000e+04 3.517668436299466000e+16 8.910778884217155849e+01
1.750000000000000000e+04 3.513242842132178800e+16 8.899568194019911971e+01
1.740000000000000000e+04 3.508196648203787600e+16 8.886785432052136002e+01
1.730000000000000000e+04 3.502913772159026400e+16 8.873403118977424242e+01
1.720000000000000000e+04 3.497258996598588800e+16 8.859078728952779613e+01
1.710000000000000000e+04 3.492349787483383600e+16 8.846642969951003010e+01
1.700000000000000000e+04 3.483715537797018800e+16 8.824771127513443503e+01
1.690000000000000000e+04 3.472916291244195600e+16 8.797415025057810567e+01
1.680000000000000000e+04 3.463768724110372000e+16 8.774242872953622907e+01
1.670000000000000000e+04 3.454978629559449600e+16 8.751976252226562281e+01
1.660000000000000000e+04 3.447242583681066000e+16 8.732379694020822569e+01
1.650000000000000000e+04 3.434911204069524800e+16 8.701142469977222049e+01
1.640000000000000000e+04 3.427199573566788400e+16 8.681607759560068871e+01
1.630000000000000000e+04 3.417277192884656400e+16 8.656472889158094119e+01
1.620000000000000000e+04 3.408211221858957200e+16 8.633507432167580475e+01
1.610000000000000000e+04 3.396046664696328000e+16 8.602692794272189758e+01
1.600000000000000000e+04 3.388144762305664000e+16 8.582676096779817954e+01
1.590000000000000000e+04 3.377049664651035200e+16 8.554570559350827352e+01
1.580000000000000000e+04 3.367966579510440800e+16 8.531561749754348511e+01
1.570000000000000000e+04 3.356268632490534400e+16 8.501929104955304695e+01
1.560000000000000000e+04 3.343691169134683200e+16 8.470068514078742794e+01
1.550000000000000000e+04 3.329996423415944400e+16 8.435377680310556059e+01
1.540000000000000000e+04 3.319149627921852000e+16 8.407901129293752263e+01
1.530000000000000000e+04 3.304967473434078400e+16 8.371975616406216147e+01
1.520000000000000000e+04 3.292806085315604000e+16 8.341169006172400202e+01
1.510000000000000000e+04 3.274905270963530800e+16 8.295823573131374928e+01
1.500000000000000000e+04 3.254029646019990000e+16 8.242942501105886777e+01
1.490000000000000000e+04 3.236804282098031200e+16 8.199308084762139970e+01
1.480000000000000000e+04 3.217879102801321600e+16 8.151367782510530446e+01
1.470000000000000000e+04 3.196792203816451600e+16 8.097951521822338350e+01
1.460000000000000000e+04 3.177022967967923200e+16 8.047873098415982440e+01
1.450000000000000000e+04 3.160379098780304000e+16 8.005711694976626802e+01
1.440000000000000000e+04 3.140930949828174000e+16 7.956446632575789124e+01
1.430000000000000000e+04 3.115879282698592800e+16 7.892987022747540493e+01
1.420000000000000000e+04 3.092185196226082400e+16 7.832966367235684402e+01
1.410000000000000000e+04 3.062450843997564800e+16 7.757644817529742909e+01
1.400000000000000000e+04 3.031803887988009200e+16 7.680011506312168024e+01
1.390000000000000000e+04 2.995422887215594400e+16 7.587853004355525854e+01
1.380000000000000000e+04 2.951582965844974800e+16 7.476799943866966203e+01
1.370000000000000000e+04 2.905345665148294000e+16 7.359673963925375517e+01
1.360000000000000000e+04 2.861337110550350400e+16 7.248193730316772587e+01
1.350000000000000000e+04 2.814049878063770400e+16 7.128408116531706185e+01
1.340000000000000000e+04 2.767422869803376400e+16 7.010294949198056713e+01
1.330000000000000000e+04 2.724958990368161600e+16 6.902727608197801601e+01
1.320000000000000000e+04 2.683502158564317200e+16 6.797711269070383366e+01
1.310000000000000000e+04 2.644655574696477600e+16 6.699307077338868055e+01
1.300000000000000000e+04 2.604496721855928000e+16 6.597578712546646784e+01
1.290000000000000000e+04 2.560371933142900000e+16 6.485804040585743735e+01
1.280000000000000000e+04 2.519001558921108000e+16 6.381006711410652343e+01
1.270000000000000000e+04 2.473547531038962000e+16 6.265864878350078016e+01
1.260000000000000000e+04 2.429584887306979200e+16 6.154500943813535940e+01
1.250000000000000000e+04 2.380501899800461200e+16 6.030166414687909082e+01
1.240000000000000000e+04 2.335170123757402400e+16 5.915334263772204793e+01
1.230000000000000000e+04 2.288476618964630400e+16 5.797052650802668694e+01
1.220000000000000000e+04 2.236025477853463600e+16 5.664186086164713174e+01
1.210000000000000000e+04 2.187054536795804400e+16 5.540135387408156475e+01
1.200000000000000000e+04 2.134098644551953600e+16 5.405990212856744392e+01
1.190000000000000000e+04 2.076288585925522800e+16 5.259548710756089918e+01
1.180000000000000000e+04 2.009291191586372800e+16 5.089834316808574499e+01
1.170000000000000000e+04 1.930327520346686800e+16 4.889807558447270708e+01
1.160000000000000000e+04 1.832094883107357600e+16 4.640969634832726598e+01
1.150000000000000000e+04 1.734439240340361400e+16 4.393593324287601121e+01
1.140000000000000000e+04 1.656715859936833400e+16 4.196708407630045201e+01
1.130000000000000000e+04 1.591592472858454600e+16 4.031741153622107277e+01
1.120000000000000000e+04 1.534291715198377800e+16 3.886589786842299787e+01
1.110000000000000000e+04 1.474465875471524800e+16 3.735042010517647526e+01
1.100000000000000000e+04 1.421809107507758400e+16 3.601654562388437597e+01
1.090000000000000000e+04 1.374897156165214800e+16 3.482819591722381602e+01
1.080000000000000000e+04 1.333213904005475600e+16 3.377229696058069663e+01
1.070000000000000000e+04 1.294244051713883200e+16 3.278513247021079735e+01
1.060000000000000000e+04 1.258717144649167800e+16 3.188518291832284390e+01
1.050000000000000000e+04 1.217168937076749400e+16 3.083270484252429000e+01
1.040000000000000000e+04 1.175118679172980200e+16 2.976750908291775843e+01
1.030000000000000000e+04 1.134845596928022400e+16 2.874733183378443613e+01
1.020000000000000000e+04 1.096425297063091800e+16 2.777408832615622103e+01
1.010000000000000000e+04 1.061332102595412600e+16 2.688512536132578390e+01
1.000000000000000000e+04 1.024441362153110200e+16 2.595062787553596806e+01
9.900000000000000000e+03 9.915901264297596000e+15 2.511845707005772255e+01
9.800000000000000000e+03 9.618014880459622000e+15 2.436386642370572986e+01
9.700000000000000000e+03 9.303437464535818000e+15 2.356699490325786073e+01
9.600000000000000000e+03 9.003571179718314000e+15 2.280738887238037194e+01
9.500000000000000000e+03 8.736101088847408000e+15 2.212984723335103254e+01
9.400000000000000000e+03 8.469175243811756000e+15 2.145368425020823366e+01
9.300000000000000000e+03 8.133597237818122000e+15 2.060361510242877969e+01
9.200000000000000000e+03 7.773075841247165000e+15 1.969036062547969834e+01
9.100000000000000000e+03 7.415608520192658000e+15 1.878484257739410879e+01
9.000000000000000000e+03 6.946943055604031000e+15 1.759764304416822256e+01
8.900000000000000000e+03 6.472783196198899000e+15 1.639652538926627301e+01
8.800000000000000000e+03 5.900233665909351000e+15 1.494617202110186582e+01
8.700000000000000000e+03 5.376691469557432000e+15 1.361996154028775052e+01
8.600000000000000000e+03 4.854303266827341000e+15 1.229667429746042018e+01
8.500000000000000000e+03 4.368174725214804000e+15 1.106523818514357949e+01
8.400000000000000000e+03 3.922204527694718500e+15 9.935529148884135964e+00
8.300000000000000000e+03 3.568740106224653500e+15 9.040151042563556061e+00
8.200000000000000000e+03 3.298537946705008000e+15 8.355688666100807183e+00
8.100000000000000000e+03 3.052224320600773000e+15 7.731739508262179150e+00
8.000000000000000000e+03 2.853494568327774000e+15 7.228327400984996487e+00
7.900000000000000000e+03 2.694372610489464500e+15 6.825247745355908613e+00
7.800000000000000000e+03 2.553032707611636500e+15 6.467212687513455016e+00
7.700000000000000000e+03 2.440664649983685500e+15 6.182567635455910704e+00
7.600000000000000000e+03 2.349464228973506500e+15 5.951543364554435556e+00
7.500000000000000000e+03 2.265193338394729000e+15 5.738072627922560009e+00
7.400000000000000000e+03 2.193345080549262250e+15 5.556070273104070978e+00
7.300000000000000000e+03 2.131829596442935000e+15 5.400242375519810345e+00
7.200000000000000000e+03 2.077507827570991000e+15 5.262637231719886621e+00
7.100000000000000000e+03 2.044536816887925250e+15 5.179116743332119910e+00
7.000000000000000000e+03 2.008834672430469750e+15 5.088677885687129532e+00
6.900000000000000000e+03 1.984852121334039000e+15 5.027926506252248018e+00
6.800000000000000000e+03 1.979764117582003250e+15 5.015037833764356634e+00
6.700000000000000000e+03 1.962149909778050750e+15 4.970418417863183613e+00
6.600000000000000000e+03 1.959244214938234250e+15 4.963057859387737025e+00
6.500000000000000000e+03 1.943835646490074000e+15 4.924025656992811584e+00
6.400000000000000000e+03 1.934954245412603000e+15 4.901527743213693888e+00
6.300000000000000000e+03 1.935959858248137500e+15 4.904075110534646953e+00
6.200000000000000000e+03 1.940986239386467750e+15 4.916807683749699009e+00
6.100000000000000000e+03 1.930641760264008250e+15 4.890603575033413364e+00
6.000000000000000000e+03 1.935949700258300000e+15 4.904049378831108363e+00
5.900000000000000000e+03 1.939036450643831500e+15 4.911868578012136943e+00
5.800000000000000000e+03 1.936489910947105500e+15 4.905417813089767876e+00
5.700000000000000000e+03 1.932160785950354750e+15 4.894451493691921229e+00
5.600000000000000000e+03 1.931417921484466500e+15 4.892569707185789873e+00
5.500000000000000000e+03 1.929991056082309500e+15 4.888955244274800549e+00
5.400000000000000000e+03 1.937165839732511500e+15 4.907130041532356657e+00
5.300000000000000000e+03 1.938466096636061000e+15 4.910423786230022181e+00
5.200000000000000000e+03 1.929972710018356250e+15 4.888908770958101613e+00
5.100000000000000000e+03 1.932971648164746250e+15 4.896505528638321891e+00
5.000000000000000000e+03 1.930144498252712750e+15 4.889343936181595573e+00
4.900000000000000000e+03 1.916396945764816750e+15 4.854519334989880974e+00
4.800000000000000000e+03 1.927587276090366000e+15 4.882866110980292440e+00
4.700000000000000000e+03 1.918405304057407250e+15 4.859606806134372015e+00
4.600000000000000000e+03 1.900027113468020000e+15 4.813052107873409646e+00
4.500000000000000000e+03 1.905472837823304500e+15 4.826846940010967479e+00
4.400000000000000000e+03 1.904307387856904500e+15 4.823894681394423678e+00
4.300000000000000000e+03 1.890175460504498750e+15 4.788096401333219454e+00
4.200000000000000000e+03 1.893545392929596500e+15 4.796632942863094051e+00
4.100000000000000000e+03 1.892116136255759250e+15 4.793012422504229875e+00
4.000000000000000000e+03 1.878682700602405750e+15 4.758983526111618900e+00
3.900000000000000000e+03 1.885936229487750250e+15 4.777357796796318112e+00
3.800000000000000000e+03 1.883217057831252750e+15 4.770469729368118195e+00
3.700000000000000000e+03 1.872515461796274000e+15 4.743360990240837793e+00
3.600000000000000000e+03 1.876690205507149750e+15 4.753936238812310755e+00
3.500000000000000000e+03 1.869958521520875750e+15 4.736883879101224437e+00
3.400000000000000000e+03 1.861188262613050250e+15 4.714667505017036575e+00
3.300000000000000000e+03 1.875094989491428000e+15 4.749895318684087542e+00
3.200000000000000000e+03 1.874934934270137000e+15 4.749489874932915967e+00
3.100000000000000000e+03 1.868621236762916750e+15 4.733496337324847758e+00
3.000000000000000000e+03 1.876927518975994750e+15 4.754537389229246180e+00
2.900000000000000000e+03 1.875542727903676250e+15 4.751029506872019859e+00
2.800000000000000000e+03 1.870560670531489750e+15 4.738409212368442702e+00
2.700000000000000000e+03 1.885655613432535750e+15 4.776646954468605877e+00
2.600000000000000000e+03 1.885607075006490000e+15 4.776523999394893139e+00
2.500000000000000000e+03 1.885767685014178750e+15 4.776930848502767724e+00
2.400000000000000000e+03 1.891079711085370250e+15 4.790387002942774863e+00
2.300000000000000000e+03 1.895503701162021750e+15 4.801593629739154601e+00
2.200000000000000000e+03 1.897440614195352000e+15 4.806500119384359060e+00
2.100000000000000000e+03 1.904994622228616250e+15 4.825635548573594669e+00
2.000000000000000000e+03 1.909338434941612500e+15 4.836639074147676354e+00
1.900000000000000000e+03 1.912383898484650000e+15 4.844353687597856783e+00
1.800000000000000000e+03 1.915230265061288750e+15 4.851563958732602266e+00
1.700000000000000000e+03 1.921515623848124500e+15 4.867485710134613619e+00
1.600000000000000000e+03 1.911347725552956500e+15 4.841728906994644532e+00
1.500000000000000000e+03 1.910999027032610500e+15 4.840845601626805994e+00
1.400000000000000000e+03 1.918940455619716750e+15 4.860962424870939991e+00
1.300000000000000000e+03 1.914498781791085000e+15 4.849711002492886891e+00
1.200000000000000000e+03 1.913372714605438250e+15 4.846858506334770667e+00
1.100000000000000000e+03 1.919043822600283750e+15 4.861224268852100572e+00
1.000000000000000000e+03 1.919425027465374500e+15 4.862189917640189485e+00
9.000000000000000000e+02 1.923076210244099250e+15 4.871438908270273593e+00
8.000000000000000000e+02 1.916564332237786000e+15 4.854943349895165738e+00
7.000000000000000000e+02 1.915300650290952250e+15 4.851742255018793415e+00
6.000000000000000000e+02 1.924887675191959500e+15 4.876027619201732222e+00
5.000000000000000000e+02 1.927797067322452000e+15 4.883397543465990864e+00
4.000000000000000000e+02 1.927797067322452000e+15 4.883397543465990864e+00
3.000000000000000000e+02 1.927797067322452000e+15 4.883397543465990864e+00
2.000000000000000000e+02 1.927797067322452000e+15 4.883397543465990864e+00
1.000000000000000000e+02 1.927797067322452000e+15 4.883397543465990864e+00
0.000000000000000000e+00 1.927797067322452000e+15 4.883397543465990864e+00
