2.024000000000000000e+04 2.226469644033344000e+16 5.639979733642476845e+01
1.921000000000000000e+04 2.131855200576012400e+16 5.400307234608296625e+01
1.821000000000000000e+04 2.006635905423402800e+16 5.083108080865360279e+01
1.666000000000000000e+04 1.749266486105259600e+16 4.431152949609180070e+01
1.511000000000000000e+04 1.430052154922052200e+16 3.622535431114701510e+01
1.380000000000000000e+04 1.082992817580414200e+16 2.743382358345966310e+01
1.301000000000000000e+04 7.720145040563510000e+15 1.955627901159320103e+01
1.160000000000000000e+04 4.518332939911655000e+15 1.144561134226239751e+01
1.019000000000000000e+04 2.597214148114252000e+15 6.579130866908202258e+00
8.810000000000000000e+03 2.029960810633857500e+15 5.142193545169191360e+00
7.820000000000000000e+03 1.804438590506123750e+15 4.570912120149490221e+00
6.860000000000000000e+03 1.704177740900623750e+15 4.316936432060420437e+00
5.730000000000000000e+03 1.552959620649987750e+15 3.933878376066405558e+00
4.450000000000000000e+03 1.552959620649987750e+15 3.933878376066405558e+00
3.170000000000000000e+03 1.552959620649987750e+15 3.933878376066405558e+00
1.900000000000000000e+03 1.552959620649987750e+15 3.933878376066405558e+00
9.300000000000000000e+02 1.552959620649987750e+15 3.933878376066405558e+00
1.000000000000000000e+02 1.552959620649987750e+15 3.933878376066405558e+00
0.000000000000000000e+00 1.552959620649987750e+15 3.933878376066405558e+00
