2.000000000000000000e+04 3.463717825374348000e+16 8.774113938862645057e+01
1.900000000000000000e+04 3.439697582883046400e+16 8.713267081502081624e+01
1.800000000000000000e+04 3.397316782806944800e+16 8.605910192911515821e+01
1.700000000000000000e+04 3.372807447199688000e+16 8.543824389729596192e+01
1.650000000000000000e+04 3.356094308067137600e+16 8.501487515186644828e+01
1.600000000000000000e+04 3.338680011861732400e+16 8.457374505185659075e+01
1.550000000000000000e+04 3.175028111981660800e+16 8.042819830627577460e+01
1.500000000000000000e+04 3.010490672987430000e+16 7.626021953396335107e+01
1.450000000000000000e+04 2.888415734263544000e+16 7.316787923535000004e+01
1.400000000000000000e+04 2.148911955748064000e+16 5.443514539836947108e+01
1.350000000000000000e+04 1.923692029700447200e+16 4.872998870815774097e+01
1.300000000000000000e+04 1.685772048215971600e+16 4.270312066889629676e+01
1.250000000000000000e+04 1.503539391163004000e+16 3.808689562697443876e+01
1.200000000000000000e+04 1.298469234578257600e+16 3.289216265492436975e+01
1.150000000000000000e+04 1.212861625157902400e+16 3.072359420634797189e+01
1.100000000000000000e+04 1.030063230022406000e+16 2.609303817487696975e+01
1.050000000000000000e+04 8.785847648391205000e+15 2.225586268943296986e+01
1.000000000000000000e+04 7.002919275084944000e+15 1.773943915815716466e+01
9.500000000000000000e+03 6.008132597689296000e+15 1.521949611072122899e+01
9.000000000000000000e+03 4.920442973485719000e+15 1.246421604057017873e+01
8.500000000000000000e+03 3.759433911532177500e+15 9.523206897444771002e+00
8.000000000000000000e+03 2.168069765578313250e+15 5.492044129931804797e+00
7.500000000000000000e+03 1.993508883292390250e+15 5.049855375632933630e+00
7.000000000000000000e+03 1.802656599293988750e+15 4.566398070587259106e+00
6.500000000000000000e+03 1.789887166344658750e+15 4.534051192094066707e+00
6.000000000000000000e+03 1.776471396376379750e+15 4.500067045516962239e+00
5.500000000000000000e+03 1.782279408131574250e+15 4.514779605681363606e+00
5.000000000000000000e+03 1.787233007278822750e+15 4.527327811256023793e+00
4.500000000000000000e+03 1.802834416634260500e+15 4.566848508435406018e+00
4.000000000000000000e+03 1.817957016003767500e+15 4.605156308495732098e+00
3.500000000000000000e+03 1.820180427640323500e+15 4.610788541840267207e+00
3.000000000000000000e+03 1.821902061298767000e+15 4.615149696715385552e+00
2.500000000000000000e+03 1.810019745987528750e+15 4.585050019531944798e+00
2.000000000000000000e+03 1.796520428547460750e+15 4.550854234745916216e+00
1.500000000000000000e+03 1.795823323172946750e+15 4.549088362844177169e+00
1.000000000000000000e+03 1.794619595180362500e+15 4.546039140277327029e+00
5.000000000000000000e+02 1.811742864996381750e+15 4.589414937021221164e+00
0.000000000000000000e+00 1.828299061698155250e+15 4.631354252975714125e+00
