2.100000000000000000e+04 3.393053733339397600e+16 8.595111252685711634e+01
2.050000000000000000e+04 3.371269891753680400e+16 8.539929532425759362e+01
2.000000000000000000e+04 3.349656262023456400e+16 8.485178984186491391e+01
1.950000000000000000e+04 3.327131776445976800e+16 8.428121102212598714e+01
1.900000000000000000e+04 3.303172094465686000e+16 8.367427653660315912e+01
1.850000000000000000e+04 3.371269891753680400e+16 8.539929532425759362e+01
1.800000000000000000e+04 3.246466780839376400e+16 8.223784635441182900e+01
1.750000000000000000e+04 3.219515323742693200e+16 8.155512574232182033e+01
1.700000000000000000e+04 3.192978501658985600e+16 8.088290845362679704e+01
1.650000000000000000e+04 3.150707409787906800e+16 7.981211864020747271e+01
1.600000000000000000e+04 3.103641862730971200e+16 7.861987812498068706e+01
1.550000000000000000e+04 2.980637799296004400e+16 7.550400171144850958e+01
1.500000000000000000e+04 2.915827935839946400e+16 7.386227119240969330e+01
1.450000000000000000e+04 2.797275763313794000e+16 7.085916781654003671e+01
1.400000000000000000e+04 2.134306052880186000e+16 5.406515609091520957e+01
1.350000000000000000e+04 1.904175723528018400e+16 4.823561156008820205e+01
1.300000000000000000e+04 1.765640153114148800e+16 4.472629890623410631e+01
1.250000000000000000e+04 1.555872163404925200e+16 3.941256281332366029e+01
1.200000000000000000e+04 1.419318078820389800e+16 3.595344415133418181e+01
1.150000000000000000e+04 1.229622080238285800e+16 3.114816153531790377e+01
1.100000000000000000e+04 1.052961469355011400e+16 2.667308473476645148e+01
1.050000000000000000e+04 8.980913100145182000e+15 2.274999257688710586e+01
1.000000000000000000e+04 7.482197879767425000e+15 1.895352335841637981e+01
9.500000000000000000e+03 6.026855650273247000e+15 1.526692439585792194e+01
9.000000000000000000e+03 4.874906042348373000e+15 1.234886420119739903e+01
8.500000000000000000e+03 3.627802151823338500e+15 9.189764014425419347e+00
8.000000000000000000e+03 2.812021505257511000e+15 7.123269945638502243e+00
7.500000000000000000e+03 2.251305708934344000e+15 5.702893190864070760e+00
7.000000000000000000e+03 2.006104672170753750e+15 5.081762387791661340e+00
6.500000000000000000e+03 1.945294772772986000e+15 4.927721841527150204e+00
6.000000000000000000e+03 1.850245190988353250e+15 4.686947072199779463e+00
5.500000000000000000e+03 1.865125302307087500e+15 4.724640613855246585e+00
5.000000000000000000e+03 1.868036187143484000e+15 4.732014319366228960e+00
4.500000000000000000e+03 1.873012473698615250e+15 4.744619995529365752e+00
4.000000000000000000e+03 1.888569375471757750e+15 4.784027948363541505e+00
3.500000000000000000e+03 1.887351800222377750e+15 4.780943648629614628e+00
3.000000000000000000e+03 1.889959362956199750e+15 4.787548994007832626e+00
2.500000000000000000e+03 1.875888474482110750e+15 4.751905334530651004e+00
2.000000000000000000e+03 1.894846159921039500e+15 4.799927979689484481e+00
1.500000000000000000e+03 1.894846159921039500e+15 4.799927979689484481e+00
1.000000000000000000e+03 1.894846159921039500e+15 4.799927979689484481e+00
5.000000000000000000e+02 1.894846159921039500e+15 4.799927979689484481e+00
0.000000000000000000e+00 1.894846159921039500e+15 4.799927979689484481e+00
